               1               2               1     3.23738E+06
               2               2               2     1.67376E+06
               1               2               2     1.67376E+06
               2               2               3     3.34055E+06
               1               2               4     1.27300E+06
               3               2               4     1.27300E+06
               2               2               5              0.
               3               2               5              0.
               1               2               5              0.
               4               2               5              0.
               2               2               6     1.17703E+06
               4               2               6     1.17703E+06
               3               2               7     3.76578E+06
               4               2               8     1.33559E+06
               3               2               8     1.33559E+06
               4               2               9     3.54574E+06
               1               2             194     2.44531E+06
               1               2             195     592.282E+03
               2               2             195     592.282E+03
               1               2             196     406.525E+03
               3               2             196     406.525E+03
               1               2             197     2.27392E+06
               2               2             205     2.51741E+06
               2               2             206     2.27965E+06
               2               2             207     363.808E+03
               4               2             207     363.808E+03
               3               2             213     457.711E+03
               4               2             213     457.711E+03
               3               2             214     2.54456E+06
               3               2             215     2.50066E+06
               4               2             220     2.34053E+06
               4               2             221     2.44679E+06